
['center.py', 'east=24.36', 'west=22.45', 'south=46.33', 'north=47.46', 'step=0.05', 'key=admin1', 'value=Cluj']
m= 26 n= 42
lw:nw-sw 144.55360430359227 km, lw / 26 = 5.559754011676626 km
le:ne-se 144.55360430359227 km, le / 26 = 5.559754011676626 km
ln:nw-ne 157.72199441299622 km, ln / 42 = 3.755285581261815 km
ls:sw-se 161.5879915177358 km, ls / 42 = 3.8473331313746617 km
Loading formatted geocoded file...
Total puncte in ( admin1 , Cluj ) = 306
14.4640522875817 [0, 0, 0, 3, 3, 3, 5, 9, 12, 13, 15, 19, 25, 28, 29, 28, 27, 26, 22, 21, 13, 5, 0, 0, 0, 0]
24.50653594771242 [0, 0, 0, 0, 0, 0, 0, 5, 7, 7, 7, 8, 7, 7, 8, 8, 9, 8, 8, 8, 8, 10, 12, 12, 12, 15, 16, 16, 16, 19, 18, 17, 14, 11, 7, 3, 3, 0, 0, 0, 0, 0]
Centrul: 46.786797385620915 23.62532679738562 [{'lat': '46.76667', 'lon': '23.6', 'name': 'Cluj-Napoca', 'admin1': 'Cluj', 'admin2': 'Municipiul Cluj-Napoca', 'cc': 'RO'}]

['center.py', 'east=30.0', 'west=20.0', 'south=43.0', 'north=49.0', 'step=0.5', 'key=cc', 'value=RO']
m= 16 n= 24
lw:nw-sw 889.560641868263 km, lw / 16 = 55.59754011676644 km
le:ne-se 889.560641868263 km, le / 16 = 55.59754011676644 km
ln:nw-ne 865.6679136099114 km, ln / 24 = 36.06949640041297 km
ls:sw-se 998.5585449832846 km, ls / 24 = 41.60660604097019 km
Loading formatted geocoded file...
Total puncte in ( cc , RO ) = 131
7.541984732824427 [0, 0, 0, 6, 11, 13, 14, 16, 16, 19, 18, 14, 4, 0, 0, 0]
12.0 [0, 0, 1, 2, 4, 5, 7, 9, 8, 9, 8, 8, 9, 9, 8, 8, 7, 7, 3, 4, 4, 4, 4, 3]
Centrul: 45.729007633587784 25.5 [{'lat': '45.7', 'lon': '25.45', 'name': 'Codlea', 'admin1': 'Brasov', 'admin2': '', 'cc': 'RO'}]

['center.py', 'east=30.0', 'west=20.0', 'south=43.0', 'north=49.0', 'step=0.05', 'key=cc', 'value=RO']
m= 124 n= 204
lw:nw-sw 689.4094974479043 km, lw / 124 = 5.559754011676648 km
le:ne-se 689.4094974479043 km, le / 124 = 5.559754011676648 km
ln:nw-ne 742.7876085384811 km, ln / 204 = 3.6411157281298094 km
ls:sw-se 831.0075125386126 km, ls / 204 = 4.073566237934375 km
Loading formatted geocoded file...
Total puncte in ( cc , RO ) = 12307
67.50174697326725 [0, 0, 0, 0, 0, 0, 0, 0, 0, 0, 0, 0, 0, 1, 7, 12, 12, 17, 18, 25, 38, 55, 75, 87, 89, 95, 100, 104, 106, 109, 110, 112, 113, 116, 117, 118, 118, 121, 125, 127, 130, 130, 131, 133, 134, 133, 133, 136, 139, 139, 139, 138, 139, 140, 141, 142, 145, 149, 153, 161, 160, 158, 154, 152, 151, 149, 148, 148, 148, 148, 146, 148, 148, 158, 170, 175, 178, 174, 172, 173, 174, 174, 175, 175, 177, 176, 174, 170, 167, 164, 162, 162, 162, 161, 161, 160, 150, 149, 143, 139, 130, 119, 115, 110, 106, 95, 81, 72, 57, 31, 21, 14, 8, 3, 0, 0, 0, 0, 0, 0, 0, 0, 0, 0]
106.49735922645648 [0, 0, 0, 0, 0, 0, 2, 4, 4, 2, 3, 5, 4, 5, 6, 8, 9, 9, 15, 17, 19, 18, 18, 19, 19, 22, 27, 33, 32, 32, 33, 34, 42, 44, 48, 49, 49, 50, 53, 56, 56, 57, 62, 66, 67, 67, 69, 69, 69, 70, 71, 70, 68, 68, 70, 73, 76, 76, 77, 83, 86, 86, 86, 86, 86, 86, 84, 85, 86, 83, 83, 84, 83, 85, 85, 85, 85, 86, 84, 85, 84, 86, 89, 88, 87, 87, 88, 87, 87, 87, 87, 87, 87, 86, 85, 85, 85, 86, 84, 82, 82, 84, 83, 84, 83, 85, 88, 87, 88, 88, 90, 90, 89, 87, 87, 87, 87, 87, 86, 85, 83, 83, 84, 86, 83, 82, 82, 83, 85, 87, 87, 87, 86, 86, 87, 87, 87, 87, 86, 85, 84, 82, 82, 83, 83, 78, 77, 76, 78, 74, 72, 72, 72, 71, 71, 70, 70, 67, 65, 67, 68, 69, 67, 67, 61, 51, 40, 37, 35, 35, 35, 35, 34, 32, 33, 34, 34, 34, 33, 34, 37, 40, 39, 37, 36, 37, 38, 38, 39, 39, 38, 38, 38, 37, 37, 37, 38, 38, 38, 39, 39, 40, 40, 41]
Centrul: 45.67491265133663 25.274867961322823 [{'lat': '45.69457', 'lon': '25.24348', 'name': 'Sinca Noua', 'admin1': 'Brasov', 'admin2': 'Comuna Sinca Noua', 'cc': 'RO'}]

['center.py', 'east=30.0', 'west=20.0', 'south=43.0', 'north=49.0', 'step=0.005', 'key=cc', 'value=RO']
m= 1204 n= 2004
lw:nw-sw 669.3943830058689 km, lw / 1204 = 0.5559754011676652 km
le:ne-se 669.3943830058689 km, le / 1204 = 0.5559754011676652 km
ln:nw-ne 730.3598205620286 km, ln / 2004 = 0.36445100826448534 km
ls:sw-se 814.5711697950813 km, ls / 2004 = 0.40647263961830404 km
Loading formatted geocoded file...
Total puncte in ( cc , RO ) = 1223567
664.4997061869109 [0, 0, 0, 0, 0, 0, 0, 0, 0, 0, 0, 0, 0, 0, 0, 0, 0, 0, 0, 0, 0, 0, 0, 0, 0, 0, 0, 0, 0, 0, 0, 0, 0, 0, 0, 0, 0, 0, 0, 0, 0, 0, 0, 0, 0, 0, 0, 0, 0, 0, 0, 0, 0, 0, 0, 0, 0, 0, 0, 0, 0, 0, 0, 0, 0, 0, 0, 0, 0, 0, 0, 0, 0, 0, 0, 0, 0, 0, 0, 0, 0, 0, 0, 0, 0, 0, 0, 0, 0, 0, 0, 0, 0, 0, 0, 0, 0, 0, 0, 0, 0, 0, 0, 0, 0, 0, 0, 0, 0, 0, 0, 0, 0, 0, 0, 0, 0, 0, 0, 0, 2, 4, 7, 11, 14, 17, 21, 25, 32, 41, 51, 64, 78, 92, 102, 104, 106, 106, 108, 110, 111, 112, 114, 116, 116, 118, 120, 120, 122, 124, 125, 126, 128, 132, 137, 144, 151, 157, 163, 164, 164, 166, 167, 168, 169, 170, 171, 171, 173, 174, 174, 175, 177, 178, 180, 199, 214, 222, 230, 237, 244, 253, 262, 279, 295, 306, 313, 320, 324, 340, 355, 393, 401, 418, 437, 456, 477, 494, 514, 526, 538, 551, 563, 589, 624, 659, 689, 712, 727, 739, 752, 764, 776, 786, 795, 812, 824, 837, 843, 851, 858, 861, 862, 865, 866, 866, 871, 874, 878, 883, 886, 890, 894, 898, 904, 910, 918, 924, 931, 938, 942, 948, 954, 957, 964, 975, 982, 988, 995, 998, 1001, 1007, 1015, 1026, 1028, 1030, 1032, 1034, 1035, 1036, 1037, 1038, 1040, 1040, 1042, 1044, 1045, 1048, 1050, 1053, 1055, 1058, 1061, 1065, 1070, 1073, 1077, 1080, 1083, 1085, 1092, 1092, 1093, 1093, 1093, 1094, 1095, 1096, 1097, 1098, 1099, 1100, 1101, 1103, 1105, 1106, 1108, 1110, 1111, 1113, 1115, 1115, 1119, 1120, 1121, 1122, 1123, 1124, 1125, 1125, 1126, 1128, 1128, 1129, 1130, 1130, 1132, 1132, 1134, 1136, 1144, 1162, 1162, 1162, 1162, 1161, 1162, 1168, 1169, 1169, 1169, 1170, 1171, 1172, 1173, 1173, 1174, 1177, 1180, 1183, 1184, 1183, 1183, 1183, 1183, 1184, 1184, 1183, 1185, 1186, 1189, 1190, 1192, 1194, 1196, 1199, 1200, 1202, 1204, 1207, 1209, 1226, 1227, 1230, 1231, 1234, 1237, 1239, 1243, 1249, 1252, 1252, 1253, 1255, 1255, 1256, 1257, 1257, 1259, 1261, 1264, 1265, 1268, 1270, 1289, 1297, 1298, 1298, 1298, 1299, 1300, 1300, 1300, 1301, 1302, 1302, 1303, 1304, 1303, 1304, 1305, 1306, 1307, 1308, 1309, 1309, 1310, 1311, 1312, 1313, 1315, 1317, 1319, 1322, 1324, 1326, 1331, 1332, 1331, 1332, 1332, 1333, 1334, 1334, 1336, 1336, 1337, 1336, 1335, 1335, 1334, 1333, 1332, 1331, 1331, 1331, 1331, 1331, 1331, 1330, 1330, 1330, 1330, 1331, 1330, 1331, 1331, 1331, 1331, 1331, 1331, 1332, 1332, 1332, 1334, 1337, 1341, 1344, 1347, 1350, 1354, 1356, 1358, 1361, 1363, 1365, 1368, 1369, 1372, 1374, 1382, 1393, 1399, 1401, 1401, 1401, 1400, 1399, 1400, 1399, 1398, 1398, 1398, 1397, 1397, 1396, 1393, 1393, 1392, 1390, 1390, 1389, 1387, 1387, 1386, 1384, 1384, 1383, 1381, 1380, 1381, 1382, 1384, 1386, 1387, 1388, 1388, 1388, 1389, 1388, 1388, 1389, 1390, 1391, 1394, 1396, 1398, 1399, 1401, 1403, 1406, 1407, 1409, 1416, 1419, 1421, 1423, 1424, 1427, 1428, 1429, 1413, 1409, 1408, 1407, 1406, 1408, 1413, 1416, 1417, 1418, 1420, 1433, 1439, 1440, 1442, 1443, 1445, 1446, 1448, 1449, 1451, 1451, 1454, 1455, 1458, 1462, 1468, 1477, 1484, 1490, 1500, 1511, 1517, 1520, 1524, 1526, 1529, 1532, 1535, 1540, 1571, 1577, 1580, 1582, 1588, 1592, 1599, 1605, 1610, 1615, 1619, 1623, 1624, 1621, 1618, 1615, 1611, 1609, 1605, 1602, 1599, 1596, 1593, 1589, 1585, 1583, 1581, 1578, 1577, 1577, 1576, 1576, 1574, 1574, 1572, 1566, 1561, 1555, 1550, 1543, 1537, 1537, 1537, 1537, 1537, 1537, 1533, 1532, 1528, 1527, 1525, 1523, 1518, 1515, 1513, 1510, 1508, 1509, 1509, 1507, 1503, 1501, 1497, 1498, 1499, 1500, 1500, 1501, 1500, 1497, 1495, 1494, 1495, 1493, 1494, 1493, 1492, 1489, 1487, 1483, 1482, 1479, 1480, 1482, 1483, 1483, 1483, 1483, 1483, 1483, 1482, 1480, 1478, 1478, 1478, 1478, 1478, 1479, 1480, 1481, 1482, 1481, 1481, 1480, 1480, 1479, 1478, 1478, 1478, 1478, 1478, 1476, 1473, 1470, 1467, 1464, 1462, 1459, 1458, 1460, 1461, 1461, 1463, 1463, 1465, 1465, 1466, 1468, 1469, 1472, 1473, 1474, 1476, 1474, 1475, 1472, 1473, 1476, 1480, 1486, 1491, 1500, 1514, 1525, 1535, 1546, 1552, 1557, 1562, 1568, 1573, 1580, 1585, 1593, 1606, 1622, 1639, 1652, 1661, 1670, 1680, 1682, 1685, 1690, 1694, 1719, 1726, 1726, 1722, 1725, 1727, 1736, 1747, 1750, 1751, 1753, 1756, 1757, 1759, 1760, 1759, 1759, 1758, 1758, 1755, 1748, 1736, 1727, 1720, 1718, 1718, 1716, 1711, 1706, 1699, 1697, 1697, 1697, 1697, 1698, 1699, 1700, 1701, 1702, 1702, 1703, 1704, 1705, 1706, 1708, 1711, 1713, 1716, 1716, 1716, 1715, 1715, 1715, 1715, 1715, 1715, 1715, 1715, 1715, 1716, 1717, 1717, 1718, 1718, 1719, 1719, 1720, 1721, 1721, 1722, 1722, 1723, 1723, 1721, 1719, 1729, 1729, 1728, 1728, 1727, 1727, 1727, 1727, 1726, 1726, 1729, 1731, 1733, 1734, 1736, 1738, 1740, 1740, 1742, 1744, 1745, 1745, 1745, 1745, 1745, 1747, 1747, 1747, 1746, 1742, 1741, 1739, 1737, 1735, 1732, 1730, 1727, 1726, 1724, 1721, 1719, 1717, 1714, 1713, 1711, 1707, 1706, 1704, 1698, 1689, 1679, 1674, 1673, 1673, 1672, 1672, 1668, 1665, 1660, 1658, 1656, 1654, 1652, 1640, 1636, 1633, 1629, 1625, 1620, 1617, 1613, 1611, 1609, 1607, 1605, 1603, 1601, 1599, 1597, 1595, 1598, 1603, 1608, 1592, 1597, 1603, 1602, 1602, 1601, 1601, 1601, 1600, 1600, 1599, 1599, 1598, 1598, 1597, 1597, 1597, 1596, 1596, 1595, 1595, 1594, 1594, 1593, 1593, 1592, 1592, 1592, 1591, 1591, 1590, 1590, 1589, 1589, 1588, 1588, 1588, 1587, 1587, 1586, 1586, 1585, 1585, 1584, 1584, 1583, 1583, 1574, 1561, 1549, 1518, 1493, 1486, 1484, 1483, 1482, 1481, 1481, 1480, 1480, 1478, 1476, 1475, 1474, 1473, 1472, 1471, 1470, 1469, 1467, 1462, 1455, 1445, 1436, 1430, 1423, 1417, 1412, 1411, 1409, 1408, 1406, 1405, 1403, 1398, 1388, 1380, 1371, 1363, 1358, 1350, 1339, 1331, 1322, 1313, 1307, 1301, 1294, 1289, 1282, 1275, 1263, 1251, 1239, 1222, 1200, 1187, 1178, 1173, 1165, 1148, 1145, 1140, 1139, 1136, 1133, 1135, 1134, 1134, 1131, 1130, 1126, 1112, 1106, 1099, 1091, 1085, 1081, 1079, 1079, 1078, 1075, 1066, 1057, 1047, 1042, 1037, 1033, 1025, 1022, 1018, 1009, 996, 989, 982, 975, 957, 941, 922, 909, 899, 891, 882, 868, 853, 830, 811, 788, 774, 765, 755, 748, 741, 736, 731, 726, 712, 698, 682, 670, 655, 641, 632, 621, 592, 574, 553, 535, 510, 481, 464, 439, 400, 358, 336, 319, 306, 276, 261, 250, 240, 227, 218, 210, 202, 195, 190, 182, 175, 169, 162, 156, 149, 143, 136, 130, 123, 117, 111, 103, 97, 92, 86, 81, 76, 70, 65, 60, 54, 49, 44, 38, 33, 28, 22, 17, 12, 6, 1, 0, 0, 0, 0, 0, 0, 0, 0, 0, 0, 0, 0, 0, 0, 0, 0, 0, 0, 0, 0, 0, 0, 0, 0, 0, 0, 0, 0, 0, 0, 0, 0, 0, 0, 0, 0, 0, 0, 0, 0, 0, 0, 0, 0, 0, 0, 0, 0, 0, 0, 0, 0, 0, 0, 0, 0, 0, 0, 0, 0, 0, 0, 0, 0, 0, 0, 0, 0, 0, 0, 0, 0, 0, 0, 0, 0, 0, 0, 0, 0, 0]
1046.5003044377627 [0, 0, 0, 0, 0, 0, 0, 0, 0, 0, 0, 0, 0, 0, 0, 0, 0, 0, 0, 0, 0, 0, 0, 0, 0, 0, 0, 0, 0, 0, 0, 0, 0, 0, 0, 0, 0, 0, 0, 0, 0, 0, 2, 6, 9, 12, 16, 19, 21, 23, 24, 25, 26, 28, 29, 30, 32, 35, 38, 40, 42, 45, 48, 50, 50, 50, 50, 50, 48, 48, 48, 48, 47, 47, 44, 41, 39, 37, 34, 31, 29, 27, 26, 26, 26, 26, 26, 27, 27, 26, 27, 27, 28, 28, 27, 45, 46, 46, 48, 48, 50, 51, 53, 54, 54, 53, 52, 52, 51, 50, 50, 49, 48, 48, 47, 46, 46, 46, 46, 48, 52, 56, 59, 59, 59, 60, 60, 60, 60, 61, 61, 61, 62, 63, 63, 79, 84, 86, 86, 87, 87, 89, 89, 89, 90, 90, 92, 92, 92, 92, 90, 90, 88, 87, 85, 83, 83, 81, 82, 83, 85, 87, 90, 99, 109, 118, 121, 127, 132, 139, 142, 152, 155, 159, 162, 163, 165, 166, 167, 169, 170, 172, 172, 173, 175, 179, 184, 188, 190, 191, 192, 193, 192, 191, 190, 189, 187, 185, 184, 182, 180, 178, 177, 175, 176, 178, 179, 179, 181, 181, 182, 182, 183, 184, 186, 190, 194, 197, 197, 197, 196, 196, 195, 195, 195, 194, 194, 194, 193, 192, 191, 191, 191, 191, 195, 199, 202, 205, 209, 212, 214, 218, 222, 225, 231, 240, 248, 257, 261, 265, 269, 272, 274, 277, 283, 290, 298, 306, 311, 319, 326, 327, 327, 329, 331, 332, 333, 331, 331, 329, 329, 329, 327, 328, 329, 327, 325, 323, 320, 316, 314, 314, 312, 313, 310, 313, 314, 315, 320, 327, 326, 329, 331, 331, 333, 334, 336, 336, 339, 340, 342, 343, 359, 365, 371, 378, 385, 391, 395, 403, 415, 426, 432, 437, 439, 440, 440, 440, 441, 441, 443, 448, 458, 470, 475, 475, 475, 476, 477, 478, 479, 481, 483, 485, 487, 489, 491, 493, 495, 497, 496, 495, 494, 494, 493, 492, 491, 491, 492, 491, 491, 491, 490, 490, 491, 495, 500, 506, 506, 507, 507, 508, 508, 509, 511, 513, 514, 516, 518, 520, 521, 525, 529, 533, 535, 539, 543, 549, 554, 555, 555, 555, 556, 556, 556, 557, 557, 557, 558, 558, 560, 561, 562, 563, 564, 566, 567, 567, 567, 567, 568, 570, 573, 581, 588, 595, 602, 608, 611, 613, 615, 619, 623, 626, 629, 632, 636, 639, 642, 645, 650, 656, 662, 664, 664, 664, 664, 664, 664, 665, 665, 666, 666, 666, 667, 667, 668, 668, 669, 669, 670, 671, 671, 672, 672, 673, 674, 676, 678, 683, 688, 689, 690, 691, 692, 694, 695, 695, 695, 694, 693, 693, 692, 692, 692, 692, 692, 692, 692, 692, 691, 692, 692, 692, 693, 693, 694, 694, 694, 695, 694, 694, 695, 695, 695, 696, 696, 698, 701, 703, 704, 705, 705, 706, 707, 707, 708, 707, 706, 706, 703, 702, 700, 698, 695, 693, 691, 690, 687, 686, 684, 684, 682, 683, 683, 683, 682, 681, 681, 681, 682, 683, 684, 686, 688, 687, 689, 690, 693, 695, 697, 701, 704, 709, 715, 716, 718, 719, 722, 723, 726, 729, 731, 734, 737, 737, 739, 741, 744, 758, 760, 761, 761, 761, 760, 760, 760, 760, 760, 759, 759, 759, 758, 757, 759, 760, 762, 764, 765, 767, 769, 772, 779, 784, 789, 794, 805, 821, 824, 827, 829, 831, 849, 851, 852, 854, 855, 856, 857, 858, 859, 859, 859, 860, 861, 862, 862, 861, 861, 861, 861, 861, 861, 860, 859, 859, 859, 858, 858, 857, 857, 857, 857, 857, 857, 856, 858, 861, 863, 864, 864, 864, 864, 865, 865, 864, 862, 862, 862, 861, 860, 860, 860, 860, 859, 859, 859, 859, 859, 859, 858, 857, 855, 854, 853, 852, 850, 848, 847, 847, 847, 846, 846, 847, 847, 848, 850, 851, 851, 852, 853, 853, 854, 855, 856, 857, 858, 858, 859, 859, 857, 855, 854, 851, 848, 846, 844, 841, 840, 840, 838, 838, 838, 837, 837, 836, 835, 836, 836, 836, 836, 838, 838, 838, 838, 839, 838, 838, 839, 839, 839, 839, 840, 840, 839, 838, 838, 837, 836, 836, 836, 836, 836, 835, 835, 835, 838, 841, 844, 847, 848, 849, 850, 851, 852, 853, 853, 854, 856, 857, 857, 857, 855, 853, 852, 851, 849, 849, 848, 847, 846, 846, 845, 844, 844, 843, 844, 844, 845, 845, 846, 847, 847, 848, 848, 849, 850, 850, 851, 852, 853, 854, 855, 856, 857, 858, 859, 859, 860, 859, 858, 851, 841, 835, 836, 838, 839, 841, 842, 843, 845, 845, 843, 842, 840, 840, 840, 841, 843, 844, 846, 846, 847, 850, 855, 861, 864, 864, 865, 866, 867, 869, 871, 873, 876, 877, 880, 882, 884, 887, 888, 891, 891, 889, 889, 890, 887, 886, 884, 883, 881, 880, 877, 876, 874, 874, 872, 872, 872, 872, 872, 872, 872, 872, 873, 873, 873, 873, 874, 873, 874, 874, 874, 874, 874, 874, 873, 873, 873, 872, 872, 872, 871, 871, 871, 871, 870, 870, 869, 868, 867, 866, 865, 864, 865, 865, 866, 866, 866, 867, 868, 868, 869, 869, 870, 871, 871, 872, 872, 874, 874, 873, 872, 873, 872, 872, 871, 871, 871, 871, 870, 870, 870, 870, 869, 869, 869, 869, 868, 868, 869, 869, 869, 870, 870, 869, 870, 870, 871, 871, 870, 869, 869, 868, 869, 868, 868, 868, 868, 868, 868, 866, 865, 863, 862, 860, 859, 857, 856, 854, 853, 851, 850, 848, 847, 846, 846, 845, 846, 846, 846, 846, 847, 847, 848, 848, 848, 848, 849, 849, 850, 850, 850, 850, 851, 851, 852, 852, 852, 852, 853, 853, 854, 853, 847, 845, 844, 844, 843, 842, 841, 840, 838, 837, 835, 832, 831, 829, 827, 825, 823, 821, 820, 817, 818, 818, 818, 817, 818, 819, 820, 821, 824, 825, 826, 828, 830, 832, 833, 834, 837, 837, 835, 834, 832, 833, 832, 832, 832, 832, 831, 832, 831, 831, 831, 831, 832, 832, 831, 832, 832, 832, 832, 832, 833, 833, 832, 833, 833, 833, 833, 833, 834, 834, 834, 835, 838, 841, 845, 848, 852, 855, 859, 863, 866, 870, 873, 876, 878, 879, 880, 882, 882, 881, 881, 879, 879, 878, 878, 876, 875, 875, 874, 874, 874, 874, 874, 874, 874, 875, 874, 874, 875, 875, 875, 876, 876, 876, 877, 879, 880, 883, 884, 886, 888, 890, 891, 894, 895, 897, 899, 901, 903, 905, 907, 909, 909, 908, 907, 904, 903, 901, 899, 898, 896, 894, 893, 890, 889, 887, 885, 883, 881, 879, 878, 877, 877, 875, 875, 873, 872, 871, 871, 871, 871, 871, 871, 871, 871, 871, 871, 871, 871, 871, 871, 872, 872, 872, 872, 872, 871, 872, 872, 871, 871, 870, 870, 871, 871, 871, 871, 871, 869, 868, 867, 867, 865, 865, 864, 864, 865, 865, 867, 868, 868, 870, 869, 869, 869, 869, 868, 867, 865, 865, 864, 863, 860, 859, 857, 854, 853, 851, 851, 849, 848, 848, 848, 848, 847, 835, 830, 830, 831, 832, 832, 832, 832, 833, 833, 834, 835, 835, 835, 835, 836, 836, 837, 838, 837, 838, 839, 840, 842, 842, 844, 845, 846, 846, 847, 848, 849, 851, 851, 852, 841, 840, 840, 839, 837, 837, 835, 834, 833, 831, 829, 828, 826, 824, 824, 824, 824, 824, 824, 824, 823, 822, 822, 822, 822, 822, 822, 822, 824, 824, 824, 825, 825, 827, 828, 829, 831, 833, 836, 838, 840, 842, 844, 847, 849, 852, 854, 856, 857, 858, 859, 860, 861, 862, 863, 864, 866, 866, 867, 868, 869, 870, 870, 870, 871, 871, 871, 871, 871, 872, 872, 872, 872, 872, 872, 872, 871, 870, 868, 866, 865, 865, 865, 864, 863, 863, 862, 861, 861, 861, 860, 859, 858, 859, 858, 858, 859, 860, 861, 862, 863, 864, 865, 866, 867, 868, 869, 871, 871, 871, 870, 870, 870, 870, 869, 869, 869, 869, 869, 870, 869, 870, 870, 872, 874, 873, 872, 872, 872, 871, 870, 870, 870, 869, 868, 868, 868, 868, 867, 867, 866, 866, 865, 865, 865, 865, 864, 863, 863, 863, 862, 862, 862, 861, 861, 860, 859, 857, 855, 854, 852, 850, 849, 847, 845, 843, 842, 840, 838, 837, 835, 834, 831, 830, 829, 827, 826, 825, 825, 824, 824, 825, 825, 825, 824, 825, 825, 825, 826, 826, 825, 825, 826, 826, 826, 826, 826, 826, 826, 827, 827, 827, 826, 827, 827, 827, 826, 821, 817, 812, 807, 801, 797, 792, 790, 788, 785, 784, 783, 781, 780, 778, 778, 777, 775, 774, 773, 772, 771, 770, 771, 770, 770, 769, 770, 769, 769, 768, 768, 768, 768, 789, 789, 789, 789, 788, 788, 784, 783, 781, 775, 760, 755, 749, 749, 747, 745, 743, 741, 739, 737, 735, 733, 731, 729, 726, 725, 723, 722, 720, 718, 717, 715, 714, 713, 714, 714, 715, 714, 715, 715, 716, 716, 717, 717, 717, 717, 717, 718, 718, 716, 712, 710, 710, 709, 709, 708, 708, 707, 706, 705, 706, 706, 707, 708, 709, 708, 706, 705, 703, 702, 699, 697, 697, 696, 697, 696, 696, 696, 695, 695, 696, 696, 696, 696, 696, 696, 697, 697, 697, 697, 697, 697, 698, 697, 690, 685, 677, 670, 664, 657, 652, 651, 651, 651, 652, 652, 651, 652, 654, 657, 660, 662, 665, 668, 670, 673, 675, 678, 679, 679, 680, 681, 681, 681, 682, 682, 683, 683, 683, 684, 685, 685, 686, 687, 688, 690, 690, 692, 693, 694, 695, 697, 698, 674, 674, 672, 672, 670, 670, 670, 668, 668, 666, 666, 665, 664, 664, 662, 662, 658, 650, 642, 635, 632, 629, 627, 615, 604, 589, 574, 564, 549, 535, 527, 519, 512, 503, 497, 491, 485, 478, 474, 466, 453, 435, 431, 424, 416, 412, 407, 402, 396, 391, 387, 382, 379, 374, 371, 370, 367, 359, 357, 356, 356, 355, 355, 354, 354, 353, 353, 352, 352, 351, 352, 352, 351, 351, 350, 351, 350, 351, 352, 352, 353, 353, 354, 354, 355, 354, 355, 356, 356, 357, 358, 358, 357, 355, 354, 352, 351, 349, 348, 346, 345, 343, 341, 340, 338, 337, 335, 335, 333, 332, 330, 329, 328, 328, 328, 328, 328, 328, 329, 328, 328, 328, 328, 329, 329, 329, 329, 329, 330, 331, 332, 333, 334, 335, 337, 338, 338, 338, 338, 339, 339, 339, 339, 339, 340, 340, 340, 340, 340, 340, 341, 341, 341, 341, 340, 340, 339, 338, 338, 337, 337, 336, 335, 334, 333, 332, 333, 332, 331, 331, 334, 337, 340, 343, 345, 348, 351, 354, 356, 359, 361, 364, 368, 370, 373, 375, 378, 381, 384, 386, 389, 391, 395, 395, 395, 396, 396, 395, 395, 393, 391, 389, 387, 386, 384, 382, 380, 378, 377, 375, 374, 372, 370, 368, 367, 365, 363, 361, 360, 361, 362, 362, 363, 363, 365, 365, 366, 366, 367, 367, 369, 369, 370, 370, 371, 372, 373, 373, 374, 374, 376, 376, 377, 377, 378, 378, 380, 380, 381, 381, 382, 383, 384, 384, 385, 385, 387, 387, 388, 388, 389, 389, 391, 391, 390, 390, 390, 390, 390, 390, 389, 389, 390, 389, 389, 388, 388, 388, 388, 388, 380, 375, 375, 375, 375, 375, 375, 375, 376, 375, 375, 375, 375, 375, 375, 375, 375, 375, 375, 375, 375, 375, 375, 375, 376, 375, 375, 375, 375, 375, 375, 375, 375, 375, 375, 375, 375, 375, 375, 375, 375, 375, 375, 375, 375, 375, 375, 375, 375, 375, 375, 375, 375, 375, 375, 375, 375, 375, 375, 375, 375, 375, 375, 375, 375, 375, 375, 377, 377, 377, 377, 378, 379, 379, 379, 380, 380, 380, 382, 382, 382, 382, 383, 384, 384, 384, 385, 385, 386, 387, 387, 387, 387, 388, 389, 389, 390, 390, 390, 391, 392, 392, 392, 392, 394, 394, 394, 395, 395, 395, 396, 397, 397, 397, 397, 399]
Centrul: 45.68250146906545 25.227501522188813 [{'lat': '45.69457', 'lon': '25.24348', 'name': 'Sinca Noua', 'admin1': 'Brasov', 'admin2': 'Comuna Sinca Noua', 'cc': 'RO'}]

['center.py', 'east=30.0', 'west=20.0', 'south=43.0', 'north=49.0', 'step=0.0025', 'key=cc', 'value=RO']
m= 2404 n= 4004
lw:nw-sw 668.282432203533 km, lw / 2404 = 0.2779877005838323 km
le:ne-se 668.282432203533 km, le / 2404 = 0.2779877005838323 km
ln:nw-ne 729.6686475501357 km, ln / 4004 = 0.18223492696057336 km
ls:sw-se 813.6597672936472 km, ls / 4004 = 0.20321173009331847 km
Loading formatted geocoded file...
Total puncte in ( cc , RO ) = 4892226
1327.4998272769901 [0, 0, 0, 0, 0, 0, 0, 0, 0, 0, 0, 0, 0, 0, 0, 0, 0, 0, 0, 0, 0, 0, 0, 0, 0, 0, 0, 0, 0, 0, 0, 0, 0, 0, 0, 0, 0, 0, 0, 0, 0, 0, 0, 0, 0, 0, 0, 0, 0, 0, 0, 0, 0, 0, 0, 0, 0, 0, 0, 0, 0, 0, 0, 0, 0, 0, 0, 0, 0, 0, 0, 0, 0, 0, 0, 0, 0, 0, 0, 0, 0, 0, 0, 0, 0, 0, 0, 0, 0, 0, 0, 0, 0, 0, 0, 0, 0, 0, 0, 0, 0, 0, 0, 0, 0, 0, 0, 0, 0, 0, 0, 0, 0, 0, 0, 0, 0, 0, 0, 0, 0, 0, 0, 0, 0, 0, 0, 0, 0, 0, 0, 0, 0, 0, 0, 0, 0, 0, 0, 0, 0, 0, 0, 0, 0, 0, 0, 0, 0, 0, 0, 0, 0, 0, 0, 0, 0, 0, 0, 0, 0, 0, 0, 0, 0, 0, 0, 0, 0, 0, 0, 0, 0, 0, 0, 0, 0, 0, 0, 0, 0, 0, 0, 0, 0, 0, 0, 0, 0, 0, 0, 0, 0, 0, 0, 0, 0, 0, 0, 0, 0, 0, 0, 0, 0, 0, 0, 0, 0, 0, 0, 0, 0, 0, 0, 0, 0, 0, 0, 0, 0, 0, 0, 0, 0, 0, 0, 0, 0, 0, 0, 0, 0, 0, 0, 0, 0, 0, 0, 3, 5, 9, 12, 15, 19, 22, 24, 28, 31, 34, 38, 41, 45, 51, 57, 64, 71, 81, 92, 103, 116, 128, 142, 155, 167, 184, 202, 205, 206, 208, 209, 211, 212, 213, 215, 216, 217, 219, 221, 222, 223, 225, 226, 227, 229, 231, 231, 233, 235, 236, 237, 239, 241, 241, 243, 245, 245, 247, 249, 250, 251, 253, 255, 255, 257, 263, 268, 275, 282, 288, 295, 302, 309, 315, 322, 326, 327, 328, 329, 329, 331, 332, 333, 334, 335, 336, 336, 338, 339, 339, 340, 342, 343, 343, 344, 346, 346, 347, 349, 349, 350, 351, 352, 353, 354, 355, 357, 361, 378, 399, 420, 428, 435, 444, 450, 459, 465, 474, 482, 490, 499, 507, 519, 526, 536, 558, 575, 589, 599, 612, 618, 626, 631, 639, 644, 649, 663, 679, 693, 711, 750, 786, 797, 803, 818, 837, 857, 877, 899, 913, 930, 950, 968, 988, 1007, 1031, 1041, 1052, 1063, 1075, 1087, 1102, 1115, 1129, 1151, 1179, 1220, 1248, 1282, 1315, 1353, 1382, 1403, 1424, 1438, 1455, 1465, 1478, 1493, 1505, 1517, 1528, 1540, 1552, 1562, 1570, 1581, 1592, 1607, 1623, 1636, 1650, 1662, 1672, 1679, 1688, 1694, 1702, 1709, 1716, 1720, 1722, 1723, 1724, 1727, 1728, 1730, 1731, 1732, 1733, 1737, 1742, 1746, 1748, 1752, 1757, 1760, 1765, 1768, 1772, 1776, 1780, 1784, 1787, 1792, 1795, 1800, 1808, 1814, 1821, 1829, 1836, 1843, 1848, 1856, 1861, 1867, 1874, 1877, 1884, 1890, 1896, 1903, 1908, 1912, 1914, 1921, 1930, 1940, 1949, 1959, 1965, 1970, 1977, 1985, 1991, 1994, 1996, 1999, 2002, 2007, 2014, 2022, 2030, 2040, 2052, 2054, 2056, 2058, 2059, 2061, 2063, 2065, 2067, 2068, 2069, 2071, 2072, 2073, 2074, 2075, 2076, 2078, 2079, 2080, 2080, 2081, 2083, 2086, 2088, 2089, 2091, 2093, 2096, 2098, 2100, 2103, 2106, 2108, 2110, 2113, 2116, 2118, 2122, 2126, 2130, 2135, 2139, 2142, 2146, 2150, 2155, 2159, 2161, 2163, 2166, 2168, 2170, 2173, 2184, 2184, 2184, 2184, 2185, 2185, 2186, 2187, 2187, 2187, 2188, 2190, 2190, 2191, 2193, 2193, 2194, 2196, 2196, 2197, 2198, 2199, 2200, 2202, 2203, 2205, 2206, 2208, 2210, 2210, 2212, 2214, 2215, 2217, 2219, 2220, 2222, 2224, 2225, 2227, 2229, 2229, 2231, 2232, 2237, 2240, 2241, 2242, 2243, 2243, 2244, 2246, 2246, 2247, 2248, 2248, 2250, 2251, 2251, 2252, 2252, 2254, 2255, 2255, 2256, 2257, 2258, 2259, 2260, 2260, 2261, 2263, 2263, 2264, 2264, 2265, 2268, 2271, 2273, 2278, 2288, 2323, 2324, 2324, 2323, 2323, 2324, 2324, 2324, 2323, 2323, 2324, 2325, 2335, 2336, 2336, 2337, 2338, 2338, 2339, 2339, 2340, 2341, 2342, 2342, 2343, 2343, 2344, 2345, 2346, 2346, 2346, 2348, 2351, 2355, 2358, 2360, 2364, 2366, 2366, 2367, 2367, 2366, 2366, 2366, 2367, 2367, 2366, 2366, 2367, 2367, 2367, 2367, 2366, 2367, 2369, 2370, 2372, 2372, 2375, 2376, 2379, 2380, 2382, 2383, 2386, 2388, 2390, 2393, 2393, 2396, 2397, 2400, 2401, 2403, 2404, 2408, 2410, 2413, 2417, 2418, 2422, 2424, 2452, 2454, 2457, 2459, 2462, 2463, 2466, 2468, 2470, 2474, 2476, 2478, 2480, 2485, 2491, 2497, 2504, 2504, 2504, 2505, 2506, 2506, 2508, 2509, 2510, 2510, 2511, 2512, 2513, 2514, 2515, 2515, 2516, 2518, 2520, 2522, 2524, 2527, 2529, 2531, 2534, 2536, 2538, 2540, 2545, 2578, 2593, 2594, 2595, 2595, 2596, 2596, 2596, 2597, 2598, 2599, 2598, 2599, 2600, 2600, 2601, 2601, 2601, 2602, 2603, 2604, 2603, 2604, 2605, 2605, 2606, 2607, 2607, 2607, 2608, 2609, 2609, 2610, 2611, 2612, 2612, 2614, 2615, 2615, 2616, 2617, 2617, 2619, 2620, 2621, 2621, 2622, 2624, 2624, 2625, 2626, 2627, 2630, 2633, 2635, 2637, 2639, 2641, 2644, 2646, 2648, 2650, 2652, 2657, 2663, 2663, 2663, 2663, 2663, 2663, 2664, 2664, 2665, 2665, 2665, 2667, 2667, 2668, 2669, 2669, 2670, 2671, 2672, 2672, 2673, 2672, 2671, 2671, 2670, 2670, 2669, 2669, 2668, 2667, 2666, 2665, 2665, 2664, 2663, 2663, 2662, 2663, 2662, 2662, 2662, 2661, 2662, 2661, 2661, 2661, 2660, 2660, 2660, 2660, 2661, 2660, 2660, 2661, 2661, 2660, 2661, 2661, 2662, 2662, 2661, 2662, 2662, 2662, 2662, 2662, 2663, 2663, 2663, 2663, 2663, 2663, 2664, 2664, 2664, 2666, 2668, 2672, 2674, 2678, 2682, 2684, 2688, 2691, 2694, 2697, 2701, 2703, 2707, 2710, 2712, 2715, 2717, 2719, 2722, 2724, 2726, 2728, 2731, 2732, 2735, 2738, 2739, 2742, 2744, 2746, 2749, 2754, 2764, 2775, 2787, 2793, 2799, 2803, 2802, 2802, 2802, 2801, 2801, 2800, 2800, 2800, 2799, 2798, 2799, 2798, 2797, 2797, 2797, 2796, 2796, 2795, 2795, 2795, 2794, 2794, 2793, 2792, 2791, 2788, 2787, 2786, 2785, 2784, 2783, 2782, 2781, 2780, 2779, 2778, 2777, 2776, 2775, 2774, 2773, 2772, 2771, 2770, 2769, 2768, 2767, 2766, 2765, 2764, 2763, 2762, 2761, 2761, 2762, 2763, 2765, 2766, 2768, 2770, 2771, 2772, 2774, 2775, 2777, 2777, 2777, 2777, 2776, 2776, 2777, 2777, 2776, 2776, 2776, 2776, 2778, 2779, 2780, 2782, 2783, 2786, 2788, 2790, 2791, 2793, 2795, 2798, 2799, 2801, 2803, 2805, 2806, 2809, 2811, 2813, 2814, 2816, 2818, 2825, 2833, 2837, 2839, 2841, 2842, 2844, 2845, 2846, 2847, 2848, 2854, 2856, 2856, 2857, 2857, 2853, 2825, 2820, 2819, 2817, 2816, 2815, 2814, 2812, 2811, 2814, 2817, 2821, 2825, 2831, 2831, 2832, 2833, 2836, 2836, 2838, 2839, 2853, 2866, 2877, 2878, 2879, 2880, 2883, 2883, 2885, 2886, 2887, 2889, 2890, 2892, 2893, 2895, 2896, 2897, 2899, 2901, 2901, 2903, 2904, 2907, 2907, 2909, 2912, 2916, 2919, 2924, 2928, 2936, 2945, 2953, 2961, 2968, 2974, 2979, 2990, 2999, 3011, 3023, 3033, 3035, 3037, 3041, 3043, 3047, 3050, 3053, 3056, 3058, 3061, 3064, 3068, 3071, 3075, 3079, 3084, 3088, 3148, 3152, 3155, 3160, 3163, 3165, 3170, 3175, 3182, 3186, 3192, 3198, 3202, 3210, 3215, 3220, 3226, 3230, 3234, 3237, 3242, 3246, 3246, 3247, 3245, 3242, 3239, 3235, 3232, 3230, 3226, 3223, 3219, 3217, 3214, 3210, 3207, 3205, 3201, 3198, 3194, 3192, 3189, 3185, 3181, 3178, 3174, 3170, 3169, 3167, 3164, 3162, 3159, 3157, 3155, 3154, 3154, 3153, 3153, 3152, 3151, 3151, 3149, 3149, 3148, 3148, 3147, 3145, 3139, 3133, 3127, 3121, 3114, 3109, 3103, 3098, 3092, 3085, 3079, 3074, 3074, 3074, 3074, 3074, 3074, 3074, 3073, 3073, 3073, 3073, 3067, 3064, 3063, 3062, 3059, 3057, 3055, 3054, 3052, 3050, 3049, 3045, 3042, 3037, 3034, 3030, 3027, 3024, 3020, 3019, 3018, 3017, 3018, 3018, 3019, 3018, 3017, 3013, 3011, 3007, 3004, 3001, 2998, 2995, 2995, 2996, 2997, 2998, 2998, 3000, 3000, 3001, 3001, 3002, 3001, 3000, 2992, 2992, 2991, 2990, 2990, 2989, 2990, 2989, 2989, 2988, 2987, 2987, 2987, 2986, 2987, 2984, 2982, 2978, 2975, 2974, 2970, 2968, 2966, 2963, 2960, 2959, 2959, 2960, 2962, 2964, 2965, 2966, 2967, 2967, 2967, 2967, 2967, 2966, 2966, 2966, 2966, 2966, 2964, 2963, 2961, 2959, 2957, 2956, 2955, 2955, 2955, 2955, 2955, 2955, 2955, 2956, 2957, 2958, 2958, 2959, 2960, 2962, 2963, 2964, 2963, 2962, 2962, 2962, 2961, 2960, 2959, 2959, 2959, 2958, 2957, 2956, 2956, 2956, 2956, 2956, 2955, 2955, 2955, 2955, 2953, 2951, 2948, 2946, 2943, 2940, 2938, 2935, 2932, 2929, 2926, 2924, 2921, 2918, 2916, 2916, 2918, 2920, 2920, 2922, 2922, 2923, 2923, 2925, 2926, 2927, 2927, 2929, 2929, 2931, 2931, 2933, 2933, 2936, 2937, 2939, 2939, 2943, 2944, 2946, 2948, 2948, 2952, 2952, 2953, 2950, 2950, 2948, 2947, 2944, 2944, 2947, 2952, 2954, 2957, 2960, 2968, 2973, 2977, 2981, 2992, 3003, 3016, 3027, 3037, 3050, 3058, 3070, 3079, 3091, 3098, 3104, 3108, 3113, 3118, 3124, 3130, 3137, 3141, 3147, 3153, 3159, 3162, 3169, 3175, 3186, 3197, 3209, 3225, 3240, 3259, 3276, 3287, 3299, 3311, 3320, 3329, 3339, 3348, 3356, 3366, 3365, 3366, 3368, 3370, 3375, 3382, 3386, 3428, 3434, 3440, 3449, 3451, 3449, 3444, 3440, 3444, 3447, 3448, 3451, 3454, 3469, 3491, 3492, 3495, 3497, 3499, 3500, 3502, 3504, 3505, 3509, 3510, 3511, 3514, 3515, 3516, 3517, 3516, 3516, 3515, 3515, 3514, 3514, 3514, 3513, 3513, 3509, 3502, 3492, 3480, 3471, 3460, 3451, 3439, 3438, 3437, 3434, 3434, 3432, 3431, 3430, 3424, 3420, 3413, 3409, 3404, 3394, 3393, 3392, 3392, 3391, 3391, 3391, 3392, 3392, 3393, 3394, 3395, 3395, 3396, 3397, 3398, 3399, 3400, 3401, 3401, 3402, 3403, 3404, 3405, 3406, 3407, 3407, 3408, 3409, 3411, 3414, 3416, 3419, 3421, 3424, 3427, 3429, 3429, 3429, 3429, 3429, 3429, 3428, 3428, 3428, 3428, 3428, 3428, 3428, 3428, 3428, 3428, 3428, 3428, 3428, 3428, 3428, 3428, 3428, 3429, 3429, 3430, 3431, 3431, 3432, 3432, 3433, 3434, 3434, 3435, 3435, 3436, 3436, 3437, 3438, 3438, 3439, 3439, 3440, 3440, 3441, 3442, 3442, 3443, 3443, 3444, 3444, 3442, 3440, 3438, 3436, 3437, 3454, 3455, 3454, 3453, 3453, 3453, 3453, 3452, 3452, 3452, 3451, 3450, 3450, 3450, 3450, 3450, 3449, 3450, 3451, 3453, 3455, 3457, 3459, 3461, 3463, 3463, 3465, 3467, 3469, 3471, 3472, 3475, 3477, 3478, 3479, 3481, 3483, 3485, 3487, 3487, 3486, 3487, 3487, 3487, 3487, 3487, 3488, 3488, 3488, 3490, 3492, 3494, 3492, 3492, 3492, 3490, 3488, 3487, 3483, 3481, 3480, 3478, 3475, 3473, 3471, 3468, 3467, 3465, 3461, 3459, 3458, 3455, 3453, 3451, 3448, 3446, 3445, 3443, 3440, 3438, 3436, 3433, 3432, 3430, 3426, 3425, 3423, 3420, 3419, 3416, 3413, 3412, 3410, 3407, 3405, 3401, 3393, 3384, 3375, 3366, 3355, 3348, 3346, 3344, 3344, 3343, 3343, 3342, 3342, 3341, 3341, 3337, 3334, 3330, 3327, 3323, 3319, 3316, 3314, 3312, 3309, 3307, 3305, 3302, 3301, 3288, 3278, 3274, 3270, 3266, 3262, 3259, 3255, 3251, 3247, 3241, 3239, 3234, 3231, 3227, 3225, 3223, 3220, 3219, 3216, 3215, 3211, 3209, 3207, 3204, 3203, 3200, 3199, 3196, 3195, 3193, 3191, 3189, 3187, 3190, 3193, 3196, 3202, 3208, 3213, 3197, 3180, 3186, 3192, 3199, 3203, 3203, 3202, 3202, 3201, 3201, 3200, 3200, 3200, 3199, 3199, 3198, 3198, 3197, 3197, 3196, 3196, 3195, 3195, 3195, 3194, 3194, 3193, 3193, 3192, 3192, 3191, 3191, 3191, 3190, 3190, 3189, 3189, 3188, 3188, 3187, 3187, 3186, 3186, 3186, 3185, 3185, 3184, 3184, 3183, 3183, 3182, 3182, 3182, 3181, 3181, 3180, 3180, 3179, 3179, 3178, 3178, 3177, 3177, 3177, 3176, 3176, 3175, 3175, 3174, 3174, 3173, 3173, 3173, 3172, 3172, 3171, 3171, 3170, 3170, 3169, 3169, 3168, 3168, 3168, 3167, 3167, 3166, 3166, 3165, 3165, 3164, 3164, 3164, 3157, 3145, 3132, 3120, 3108, 3095, 3082, 3034, 2995, 2982, 2971, 2969, 2968, 2966, 2964, 2963, 2962, 2962, 2961, 2960, 2960, 2959, 2958, 2958, 2957, 2957, 2956, 2954, 2952, 2950, 2949, 2948, 2947, 2946, 2945, 2944, 2943, 2942, 2941, 2940, 2938, 2937, 2936, 2935, 2934, 2931, 2926, 2920, 2914, 2908, 2898, 2886, 2877, 2870, 2863, 2858, 2852, 2844, 2838, 2832, 2826, 2823, 2819, 2819, 2817, 2816, 2814, 2813, 2812, 2811, 2809, 2808, 2806, 2805, 2803, 2794, 2785, 2775, 2767, 2759, 2749, 2742, 2735, 2726, 2720, 2713, 2705, 2698, 2690, 2676, 2668, 2660, 2650, 2642, 2634, 2624, 2618, 2612, 2606, 2600, 2595, 2587, 2581, 2576, 2569, 2564, 2558, 2548, 2539, 2523, 2511, 2500, 2489, 2477, 2466, 2443, 2414, 2399, 2383, 2371, 2360, 2353, 2345, 2342, 2339, 2327, 2300, 2294, 2290, 2286, 2281, 2279, 2276, 2273, 2271, 2268, 2266, 2264, 2265, 2266, 2266, 2267, 2265, 2264, 2263, 2260, 2260, 2258, 2257, 2248, 2235, 2223, 2216, 2210, 2202, 2195, 2189, 2181, 2175, 2168, 2160, 2159, 2158, 2157, 2156, 2156, 2154, 2154, 2153, 2149, 2140, 2130, 2120, 2111, 2102, 2092, 2087, 2081, 2076, 2071, 2065, 2060, 2054, 2048, 2043, 2040, 2036, 2033, 2025, 2016, 2003, 1993, 1979, 1975, 1967, 1963, 1957, 1950, 1931, 1913, 1894, 1878, 1860, 1839, 1827, 1815, 1806, 1795, 1785, 1779, 1773, 1760, 1747, 1734, 1719, 1705, 1684, 1661, 1639, 1618, 1596, 1576, 1557, 1545, 1539, 1527, 1515, 1507, 1498, 1492, 1485, 1481, 1476, 1470, 1465, 1460, 1454, 1449, 1436, 1421, 1406, 1392, 1379, 1363, 1347, 1335, 1319, 1306, 1293, 1280, 1270, 1260, 1250, 1240, 1229, 1182, 1165, 1145, 1127, 1104, 1085, 1064, 1042, 1015, 987, 961, 942, 925, 898, 875, 849, 799, 752, 712, 687, 668, 647, 635, 622, 611, 600, 591, 534, 521, 511, 499, 488, 476, 465, 454, 443, 433, 423, 416, 409, 403, 396, 389, 382, 376, 369, 362, 356, 349, 342, 335, 329, 322, 315, 309, 302, 296, 290, 283, 277, 270, 263, 258, 251, 244, 237, 232, 224, 218, 213, 205, 199, 192, 186, 181, 176, 170, 165, 160, 154, 149, 144, 138, 133, 128, 122, 117, 112, 106, 101, 96, 90, 85, 80, 74, 69, 64, 58, 53, 48, 42, 37, 32, 26, 21, 16, 10, 5, 0, 0, 0, 0, 0, 0, 0, 0, 0, 0, 0, 0, 0, 0, 0, 0, 0, 0, 0, 0, 0, 0, 0, 0, 0, 0, 0, 0, 0, 0, 0, 0, 0, 0, 0, 0, 0, 0, 0, 0, 0, 0, 0, 0, 0, 0, 0, 0, 0, 0, 0, 0, 0, 0, 0, 0, 0, 0, 0, 0, 0, 0, 0, 0, 0, 0, 0, 0, 0, 0, 0, 0, 0, 0, 0, 0, 0, 0, 0, 0, 0, 0, 0, 0, 0, 0, 0, 0, 0, 0, 0, 0, 0, 0, 0, 0, 0, 0, 0, 0, 0, 0, 0, 0, 0, 0, 0, 0, 0, 0, 0, 0, 0, 0, 0, 0, 0, 0, 0, 0, 0, 0, 0, 0, 0, 0, 0, 0, 0, 0, 0, 0, 0, 0, 0, 0, 0, 0, 0, 0, 0, 0, 0, 0, 0, 0, 0, 0, 0, 0, 0, 0, 0, 0, 0, 0, 0, 0, 0, 0, 0]
2092.4999470588646 [0, 0, 0, 0, 0, 0, 0, 0, 0, 0, 0, 0, 0, 0, 0, 0, 0, 0, 0, 0, 0, 0, 0, 0, 0, 0, 0, 0, 0, 0, 0, 0, 0, 0, 0, 0, 0, 0, 0, 0, 0, 0, 0, 0, 0, 0, 0, 0, 0, 0, 0, 0, 0, 0, 0, 0, 0, 0, 0, 0, 0, 0, 0, 0, 0, 0, 0, 0, 0, 0, 0, 0, 0, 0, 0, 0, 0, 0, 0, 0, 0, 0, 1, 4, 8, 12, 14, 18, 21, 25, 29, 32, 36, 37, 39, 41, 43, 45, 47, 48, 50, 50, 51, 53, 54, 56, 57, 58, 59, 60, 62, 64, 67, 70, 72, 75, 77, 80, 82, 85, 88, 90, 93, 95, 97, 100, 101, 101, 101, 101, 100, 99, 99, 99, 99, 97, 97, 97, 97, 96, 96, 95, 95, 94, 94, 94, 90, 88, 86, 83, 81, 78, 75, 73, 71, 68, 65, 63, 60, 58, 56, 52, 51, 51, 52, 52, 52, 52, 52, 52, 53, 53, 53, 53, 53, 54, 54, 53, 54, 54, 55, 55, 54, 55, 55, 55, 56, 55, 57, 90, 90, 92, 93, 93, 95, 95, 97, 97, 98, 99, 100, 102, 104, 106, 106, 107, 107, 106, 105, 105, 104, 103, 103, 102, 101, 101, 100, 99, 98, 98, 97, 96, 96, 95, 94, 94, 93, 92, 91, 91, 90, 90, 90, 90, 90, 90, 91, 95, 99, 103, 107, 111, 115, 116, 116, 117, 117, 117, 117, 118, 118, 118, 119, 119, 119, 119, 120, 120, 120, 120, 121, 121, 122, 124, 124, 125, 125, 127, 146, 160, 169, 169, 171, 171, 172, 172, 172, 174, 174, 175, 175, 176, 177, 177, 178, 178, 180, 180, 180, 181, 181, 183, 183, 183, 184, 184, 186, 184, 183, 181, 180, 179, 177, 176, 174, 173, 172, 170, 169, 167, 166, 165, 164, 162, 162, 163, 164, 165, 167, 169, 171, 174, 175, 180, 188, 198, 206, 216, 228, 236, 239, 242, 247, 254, 259, 263, 269, 275, 281, 286, 291, 303, 306, 310, 313, 317, 322, 323, 325, 326, 327, 329, 330, 332, 333, 334, 336, 337, 339, 340, 341, 344, 344, 345, 345, 346, 347, 348, 354, 358, 363, 368, 372, 377, 379, 380, 380, 381, 382, 384, 385, 386, 387, 385, 384, 383, 382, 381, 380, 379, 377, 375, 373, 370, 369, 367, 365, 363, 362, 360, 358, 356, 354, 353, 351, 349, 350, 352, 353, 355, 356, 358, 358, 359, 361, 361, 362, 362, 363, 364, 364, 365, 365, 366, 366, 368, 368, 371, 376, 380, 384, 388, 394, 395, 395, 395, 395, 394, 393, 392, 392, 392, 391, 391, 390, 389, 389, 389, 388, 388, 388, 387, 387, 387, 386, 386, 385, 384, 384, 383, 383, 383, 382, 382, 382, 383, 387, 391, 394, 398, 402, 406, 410, 412, 416, 417, 420, 422, 425, 427, 431, 436, 440, 445, 448, 451, 455, 461, 470, 479, 488, 496, 505, 512, 517, 522, 525, 530, 534, 539, 542, 544, 546, 548, 551, 554, 560, 568, 575, 582, 587, 594, 603, 610, 616, 623, 630, 638, 644, 650, 652, 653, 654, 655, 657, 658, 660, 660, 662, 663, 665, 665, 663, 662, 663, 662, 660, 658, 657, 656, 656, 658, 656, 656, 656, 656, 656, 656, 655, 653, 651, 650, 647, 645, 643, 640, 636, 633, 632, 629, 628, 626, 627, 624, 626, 625, 626, 622, 624, 626, 626, 627, 628, 631, 630, 638, 654, 655, 654, 653, 656, 658, 658, 661, 661, 663, 664, 665, 667, 668, 669, 671, 671, 673, 674, 676, 677, 681, 682, 684, 686, 688, 699, 717, 724, 729, 735, 742, 749, 756, 763, 770, 776, 783, 787, 789, 797, 806, 813, 831, 844, 851, 857, 862, 868, 874, 879, 878, 879, 879, 880, 879, 880, 881, 881, 882, 882, 883, 884, 885, 886, 897, 907, 917, 927, 940, 949, 950, 950, 951, 951, 951, 952, 952, 953, 954, 954, 955, 955, 957, 959, 961, 963, 965, 967, 969, 971, 973, 975, 977, 979, 981, 983, 985, 987, 989, 991, 993, 992, 992, 991, 990, 989, 988, 988, 987, 986, 985, 985, 984, 984, 983, 983, 983, 982, 983, 983, 982, 982, 982, 981, 982, 981, 981, 981, 980, 981, 981, 985, 990, 995, 1002, 1007, 1010, 1010, 1011, 1012, 1012, 1013, 1013, 1014, 1014, 1015, 1015, 1016, 1017, 1019, 1021, 1022, 1024, 1026, 1027, 1029, 1031, 1033, 1034, 1036, 1038, 1040, 1043, 1047, 1051, 1054, 1057, 1061, 1065, 1069, 1071, 1075, 1079, 1082, 1086, 1092, 1098, 1103, 1108, 1110, 1110, 1111, 1110, 1110, 1110, 1111, 1111, 1111, 1112, 1112, 1112, 1113, 1113, 1113, 1113, 1114, 1114, 1114, 1115, 1115, 1116, 1118, 1119, 1120, 1122, 1123, 1125, 1126, 1127, 1128, 1129, 1131, 1132, 1133, 1134, 1135, 1135, 1135, 1135, 1135, 1135, 1135, 1136, 1139, 1141, 1144, 1147, 1155, 1162, 1169, 1176, 1183, 1191, 1198, 1205, 1212, 1216, 1218, 1221, 1223, 1225, 1228, 1231, 1234, 1238, 1242, 1245, 1248, 1251, 1254, 1258, 1261, 1264, 1267, 1271, 1275, 1278, 1281, 1284, 1288, 1291, 1295, 1301, 1307, 1312, 1318, 1323, 1328, 1328, 1328, 1328, 1328, 1328, 1328, 1328, 1328, 1328, 1329, 1329, 1329, 1330, 1330, 1331, 1331, 1332, 1332, 1332, 1333, 1333, 1334, 1334, 1335, 1335, 1336, 1336, 1336, 1337, 1337, 1338, 1338, 1339, 1339, 1340, 1341, 1342, 1342, 1342, 1343, 1343, 1344, 1344, 1345, 1345, 1347, 1348, 1349, 1351, 1352, 1355, 1360, 1366, 1372, 1375, 1376, 1377, 1378, 1379, 1380, 1381, 1382, 1383, 1385, 1387, 1388, 1389, 1390, 1389, 1389, 1389, 1388, 1388, 1387, 1386, 1386, 1386, 1385, 1385, 1385, 1384, 1384, 1384, 1383, 1383, 1383, 1383, 1383, 1383, 1383, 1384, 1384, 1384, 1383, 1383, 1384, 1384, 1384, 1385, 1385, 1385, 1386, 1386, 1386, 1386, 1386, 1387, 1387, 1387, 1388, 1388, 1388, 1389, 1388, 1389, 1389, 1389, 1390, 1390, 1390, 1391, 1391, 1391, 1392, 1391, 1391, 1392, 1394, 1396, 1398, 1401, 1403, 1405, 1407, 1409, 1409, 1410, 1411, 1411, 1412, 1413, 1413, 1414, 1415, 1414, 1415, 1415, 1415, 1414, 1413, 1412, 1411, 1411, 1410, 1407, 1405, 1404, 1401, 1399, 1397, 1395, 1392, 1390, 1389, 1386, 1383, 1381, 1380, 1379, 1376, 1375, 1374, 1373, 1370, 1369, 1368, 1367, 1367, 1366, 1366, 1366, 1365, 1365, 1365, 1365, 1363, 1363, 1362, 1363, 1361, 1361, 1362, 1362, 1363, 1363, 1364, 1365, 1366, 1368, 1371, 1372, 1374, 1377, 1377, 1376, 1378, 1377, 1380, 1381, 1384, 1386, 1388, 1391, 1394, 1395, 1399, 1403, 1407, 1409, 1413, 1416, 1419, 1430, 1431, 1432, 1434, 1435, 1436, 1438, 1440, 1443, 1445, 1447, 1450, 1453, 1455, 1458, 1461, 1463, 1466, 1469, 1471, 1473, 1473, 1474, 1475, 1477, 1479, 1482, 1484, 1488, 1502, 1515, 1521, 1521, 1521, 1522, 1522, 1521, 1522, 1522, 1523, 1521, 1521, 1521, 1521, 1520, 1520, 1520, 1520, 1520, 1519, 1519, 1519, 1518, 1517, 1517, 1517, 1516, 1515, 1514, 1516, 1518, 1519, 1521, 1523, 1524, 1526, 1527, 1528, 1530, 1532, 1533, 1535, 1537, 1539, 1543, 1554, 1560, 1564, 1569, 1574, 1578, 1583, 1588, 1592, 1610, 1625, 1643, 1647, 1649, 1651, 1653, 1654, 1658, 1659, 1662, 1689, 1699, 1701, 1702, 1704, 1704, 1705, 1707, 1708, 1710, 1711, 1713, 1714, 1715, 1715, 1715, 1716, 1717, 1718, 1719, 1718, 1719, 1720, 1721, 1722, 1721, 1722, 1723, 1724, 1724, 1724, 1722, 1722, 1722, 1722, 1722, 1722, 1721, 1721, 1722, 1722, 1721, 1721, 1720, 1719, 1719, 1719, 1718, 1718, 1717, 1717, 1716, 1716, 1716, 1716, 1715, 1715, 1715, 1715, 1714, 1714, 1713, 1713, 1713, 1713, 1713, 1713, 1713, 1715, 1717, 1719, 1722, 1724, 1725, 1727, 1728, 1728, 1728, 1729, 1728, 1729, 1729, 1729, 1730, 1730, 1730, 1730, 1728, 1725, 1724, 1724, 1724, 1723, 1723, 1722, 1722, 1722, 1721, 1721, 1720, 1719, 1720, 1719, 1719, 1719, 1718, 1719, 1718, 1719, 1718, 1718, 1718, 1718, 1718, 1718, 1717, 1717, 1716, 1714, 1713, 1712, 1711, 1709, 1708, 1706, 1706, 1704, 1703, 1701, 1700, 1699, 1697, 1696, 1694, 1694, 1694, 1693, 1693, 1693, 1693, 1693, 1693, 1692, 1693, 1693, 1694, 1695, 1697, 1698, 1699, 1700, 1701, 1701, 1702, 1704, 1704, 1705, 1706, 1706, 1707, 1708, 1708, 1709, 1710, 1711, 1712, 1713, 1713, 1714, 1715, 1715, 1716, 1717, 1718, 1718, 1717, 1716, 1714, 1713, 1711, 1709, 1708, 1706, 1703, 1700, 1697, 1695, 1692, 1689, 1687, 1685, 1683, 1682, 1681, 1680, 1679, 1678, 1677, 1677, 1677, 1676, 1675, 1675, 1674, 1674, 1674, 1672, 1672, 1672, 1671, 1671, 1672, 1671, 1671, 1671, 1672, 1673, 1673, 1674, 1675, 1675, 1676, 1676, 1676, 1676, 1676, 1677, 1677, 1677, 1677, 1677, 1677, 1677, 1678, 1678, 1678, 1678, 1679, 1679, 1679, 1679, 1680, 1680, 1679, 1679, 1678, 1677, 1676, 1677, 1676, 1675, 1674, 1674, 1673, 1673, 1673, 1672, 1672, 1672, 1672, 1672, 1672, 1671, 1671, 1671, 1671, 1671, 1670, 1673, 1676, 1679, 1682, 1685, 1688, 1691, 1694, 1695, 1696, 1697, 1698, 1699, 1700, 1700, 1702, 1703, 1703, 1704, 1705, 1707, 1707, 1708, 1709, 1710, 1711, 1712, 1713, 1713, 1714, 1716, 1715, 1712, 1710, 1708, 1706, 1705, 1704, 1703, 1702, 1701, 1700, 1698, 1698, 1697, 1696, 1695, 1694, 1692, 1692, 1692, 1691, 1691, 1690, 1689, 1688, 1688, 1688, 1687, 1687, 1686, 1687, 1687, 1687, 1688, 1689, 1689, 1690, 1691, 1691, 1692, 1693, 1693, 1694, 1695, 1695, 1696, 1696, 1697, 1698, 1698, 1700, 1701, 1701, 1702, 1703, 1703, 1704, 1705, 1706, 1707, 1708, 1709, 1710, 1711, 1712, 1713, 1714, 1716, 1716, 1717, 1717, 1718, 1718, 1719, 1719, 1718, 1719, 1718, 1716, 1711, 1702, 1693, 1683, 1676, 1669, 1672, 1673, 1675, 1676, 1677, 1679, 1680, 1682, 1683, 1685, 1686, 1687, 1689, 1690, 1690, 1689, 1687, 1686, 1684, 1683, 1681, 1680, 1679, 1679, 1680, 1680, 1682, 1683, 1685, 1686, 1686, 1688, 1689, 1691, 1692, 1693, 1694, 1695, 1697, 1700, 1704, 1710, 1716, 1722, 1728, 1728, 1729, 1729, 1730, 1731, 1731, 1731, 1732, 1734, 1736, 1738, 1741, 1742, 1745, 1746, 1749, 1751, 1753, 1755, 1758, 1760, 1762, 1764, 1766, 1769, 1770, 1773, 1775, 1777, 1779, 1781, 1781, 1781, 1780, 1779, 1779, 1778, 1778, 1779, 1777, 1775, 1773, 1772, 1771, 1769, 1768, 1765, 1764, 1762, 1761, 1759, 1757, 1755, 1754, 1752, 1751, 1749, 1748, 1747, 1746, 1745, 1744, 1743, 1743, 1744, 1744, 1744, 1744, 1744, 1744, 1744, 1745, 1744, 1745, 1745, 1745, 1745, 1746, 1746, 1746, 1746, 1746, 1746, 1746, 1747, 1746, 1747, 1747, 1748, 1747, 1748, 1749, 1748, 1749, 1750, 1749, 1749, 1749, 1749, 1748, 1748, 1748, 1747, 1747, 1747, 1746, 1746, 1746, 1746, 1745, 1745, 1745, 1744, 1744, 1744, 1744, 1744, 1744, 1744, 1743, 1742, 1742, 1741, 1740, 1739, 1738, 1737, 1736, 1735, 1735, 1734, 1733, 1732, 1731, 1730, 1730, 1730, 1730, 1730, 1730, 1731, 1731, 1732, 1732, 1733, 1733, 1734, 1734, 1736, 1736, 1736, 1737, 1737, 1739, 1739, 1739, 1740, 1741, 1741, 1742, 1742, 1744, 1744, 1744, 1745, 1745, 1747, 1747, 1747, 1746, 1747, 1746, 1745, 1745, 1745, 1745, 1744, 1744, 1743, 1744, 1743, 1743, 1742, 1743, 1742, 1742, 1741, 1742, 1741, 1740, 1740, 1739, 1740, 1739, 1739, 1738, 1739, 1738, 1738, 1737, 1738, 1737, 1737, 1736, 1736, 1737, 1737, 1737, 1737, 1737, 1738, 1738, 1738, 1739, 1739, 1739, 1740, 1739, 1739, 1740, 1740, 1741, 1741, 1741, 1742, 1742, 1741, 1741, 1740, 1738, 1738, 1737, 1738, 1737, 1737, 1737, 1737, 1736, 1737, 1736, 1736, 1736, 1736, 1735, 1736, 1735, 1736, 1735, 1735, 1734, 1733, 1731, 1730, 1728, 1727, 1725, 1724, 1722, 1721, 1719, 1718, 1716, 1714, 1712, 1711, 1709, 1708, 1706, 1705, 1703, 1702, 1700, 1699, 1697, 1696, 1694, 1694, 1693, 1693, 1692, 1692, 1690, 1690, 1691, 1691, 1692, 1692, 1692, 1692, 1693, 1693, 1694, 1694, 1694, 1694, 1695, 1695, 1696, 1696, 1696, 1696, 1697, 1697, 1698, 1698, 1698, 1698, 1699, 1699, 1700, 1700, 1700, 1700, 1701, 1701, 1702, 1702, 1702, 1702, 1703, 1703, 1704, 1704, 1705, 1704, 1705, 1705, 1706, 1706, 1707, 1706, 1707, 1707, 1708, 1705, 1700, 1695, 1691, 1690, 1690, 1689, 1688, 1687, 1686, 1685, 1685, 1684, 1683, 1682, 1681, 1680, 1679, 1677, 1674, 1673, 1671, 1669, 1667, 1665, 1663, 1662, 1659, 1657, 1656, 1654, 1651, 1650, 1648, 1646, 1644, 1642, 1640, 1639, 1636, 1635, 1635, 1636, 1635, 1635, 1635, 1636, 1635, 1635, 1635, 1636, 1635, 1637, 1638, 1640, 1642, 1643, 1644, 1647, 1648, 1650, 1651, 1653, 1655, 1656, 1657, 1660, 1661, 1663, 1664, 1666, 1668, 1669, 1670, 1673, 1674, 1674, 1672, 1670, 1669, 1668, 1666, 1665, 1664, 1665, 1664, 1664, 1664, 1664, 1663, 1664, 1663, 1664, 1663, 1663, 1663, 1663, 1662, 1663, 1662, 1662, 1662, 1662, 1663, 1663, 1662, 1663, 1663, 1663, 1663, 1663, 1664, 1664, 1663, 1664, 1664, 1664, 1664, 1664, 1665, 1665, 1664, 1665, 1665, 1665, 1665, 1665, 1666, 1666, 1665, 1666, 1666, 1666, 1666, 1666, 1667, 1667, 1666, 1667, 1667, 1667, 1668, 1668, 1669, 1671, 1673, 1676, 1678, 1682, 1685, 1689, 1692, 1696, 1700, 1703, 1707, 1710, 1714, 1718, 1721, 1725, 1728, 1732, 1736, 1739, 1743, 1747, 1749, 1753, 1755, 1756, 1757, 1758, 1759, 1761, 1762, 1764, 1765, 1764, 1763, 1762, 1762, 1761, 1761, 1759, 1759, 1758, 1757, 1757, 1755, 1755, 1754, 1753, 1752, 1751, 1751, 1749, 1749, 1748, 1747, 1748, 1748, 1747, 1748, 1748, 1748, 1748, 1748, 1748, 1748, 1748, 1748, 1749, 1748, 1748, 1749, 1748, 1748, 1749, 1749, 1749, 1750, 1750, 1750, 1751, 1751, 1752, 1753, 1753, 1754, 1754, 1756, 1757, 1760, 1761, 1763, 1765, 1767, 1768, 1771, 1772, 1774, 1776, 1778, 1780, 1782, 1783, 1786, 1787, 1789, 1791, 1793, 1794, 1797, 1798, 1801, 1802, 1804, 1806, 1809, 1810, 1813, 1814, 1816, 1818, 1820, 1819, 1818, 1817, 1814, 1813, 1810, 1809, 1807, 1805, 1803, 1802, 1800, 1799, 1796, 1795, 1794, 1792, 1791, 1789, 1787, 1785, 1783, 1781, 1780, 1777, 1776, 1774, 1772, 1770, 1768, 1766, 1764, 1762, 1760, 1759, 1757, 1756, 1755, 1754, 1753, 1753, 1751, 1751, 1749, 1749, 1747, 1746, 1745, 1744, 1743, 1743, 1742, 1742, 1742, 1742, 1742, 1742, 1742, 1742, 1742, 1742, 1742, 1742, 1742, 1742, 1742, 1742, 1742, 1742, 1742, 1742, 1742, 1743, 1743, 1743, 1743, 1743, 1744, 1743, 1743, 1743, 1744, 1745, 1745, 1745, 1745, 1744, 1744, 1743, 1744, 1743, 1743, 1743, 1742, 1742, 1741, 1742, 1741, 1741, 1741, 1740, 1740, 1741, 1741, 1741, 1742, 1743, 1743, 1742, 1742, 1741, 1739, 1738, 1738, 1737, 1735, 1734, 1733, 1733, 1731, 1730, 1730, 1730, 1728, 1728, 1728, 1728, 1729, 1729, 1730, 1731, 1732, 1733, 1734, 1735, 1736, 1737, 1738, 1739, 1738, 1738, 1738, 1738, 1738, 1738, 1738, 1738, 1737, 1736, 1735, 1733, 1733, 1731, 1731, 1729, 1729, 1728, 1726, 1726, 1723, 1721, 1719, 1717, 1715, 1713, 1711, 1709, 1707, 1705, 1704, 1703, 1701, 1701, 1699, 1699, 1697, 1696, 1696, 1696, 1696, 1696, 1696, 1696, 1696, 1694, 1682, 1670, 1660, 1660, 1661, 1661, 1662, 1662, 1662, 1663, 1663, 1664, 1664, 1664, 1665, 1665, 1666, 1666, 1667, 1667, 1667, 1668, 1668, 1669, 1669, 1670, 1669, 1670, 1671, 1671, 1672, 1672, 1673, 1672, 1673, 1674, 1674, 1675, 1675, 1675, 1676, 1676, 1678, 1678, 1680, 1680, 1682, 1683, 1684, 1685, 1686, 1687, 1689, 1690, 1691, 1691, 1692, 1693, 1694, 1694, 1696, 1696, 1698, 1698, 1700, 1701, 1702, 1703, 1705, 1704, 1693, 1682, 1682, 1680, 1679, 1679, 1678, 1677, 1677, 1675, 1674, 1673, 1672, 1670, 1670, 1668, 1667, 1666, 1664, 1662, 1661, 1659, 1657, 1656, 1654, 1652, 1651, 1649, 1649, 1647, 1647, 1647, 1647, 1647, 1647, 1647, 1647, 1647, 1647, 1647, 1647, 1646, 1646, 1645, 1645, 1645, 1645, 1645, 1645, 1645, 1645, 1645, 1645, 1645, 1645, 1645, 1646, 1647, 1647, 1648, 1648, 1648, 1650, 1650, 1650, 1650, 1651, 1653, 1654, 1655, 1657, 1658, 1660, 1662, 1664, 1666, 1669, 1671, 1673, 1676, 1678, 1680, 1682, 1685, 1687, 1689, 1692, 1694, 1697, 1698, 1701, 1703, 1705, 1708, 1710, 1712, 1713, 1714, 1715, 1716, 1717, 1718, 1719, 1720, 1721, 1722, 1724, 1724, 1725, 1726, 1727, 1728, 1729, 1731, 1731, 1732, 1733, 1734, 1735, 1736, 1738, 1738, 1739, 1740, 1740, 1740, 1740, 1740, 1740, 1741, 1741, 1741, 1741, 1742, 1742, 1742, 1742, 1742, 1742, 1743, 1743, 1743, 1743, 1743, 1743, 1744, 1744, 1744, 1744, 1744, 1744, 1744, 1744, 1742, 1741, 1739, 1737, 1735, 1734, 1733, 1732, 1731, 1730, 1730, 1730, 1729, 1728, 1728, 1727, 1726, 1726, 1726, 1725, 1724, 1723, 1723, 1722, 1722, 1721, 1721, 1720, 1719, 1718, 1719, 1718, 1717, 1717, 1717, 1717, 1716, 1716, 1716, 1716, 1718, 1718, 1720, 1720, 1722, 1722, 1724, 1724, 1726, 1726, 1728, 1729, 1730, 1731, 1732, 1733, 1734, 1735, 1736, 1737, 1738, 1739, 1741, 1741, 1742, 1741, 1741, 1741, 1741, 1740, 1740, 1740, 1740, 1739, 1739, 1739, 1739, 1738, 1738, 1738, 1738, 1737, 1738, 1738, 1738, 1738, 1739, 1739, 1739, 1739, 1740, 1740, 1740, 1741, 1743, 1746, 1747, 1746, 1746, 1745, 1745, 1744, 1744, 1743, 1743, 1742, 1742, 1741, 1741, 1740, 1740, 1739, 1739, 1739, 1738, 1737, 1737, 1737, 1737, 1736, 1736, 1735, 1735, 1734, 1734, 1734, 1734, 1732, 1732, 1732, 1732, 1731, 1731, 1731, 1730, 1729, 1729, 1729, 1729, 1728, 1728, 1727, 1727, 1726, 1726, 1726, 1726, 1724, 1724, 1724, 1724, 1724, 1724, 1724, 1723, 1723, 1722, 1722, 1721, 1720, 1718, 1715, 1715, 1713, 1711, 1710, 1708, 1706, 1704, 1703, 1701, 1700, 1699, 1697, 1694, 1692, 1690, 1688, 1687, 1684, 1683, 1682, 1680, 1679, 1676, 1675, 1674, 1672, 1670, 1668, 1667, 1666, 1663, 1662, 1660, 1659, 1658, 1655, 1654, 1652, 1651, 1650, 1650, 1650, 1650, 1648, 1649, 1649, 1649, 1650, 1649, 1649, 1649, 1650, 1650, 1650, 1649, 1650, 1650, 1650, 1651, 1651, 1650, 1650, 1651, 1651, 1651, 1651, 1651, 1651, 1651, 1652, 1652, 1652, 1651, 1652, 1652, 1652, 1652, 1653, 1652, 1652, 1653, 1653, 1653, 1653, 1653, 1653, 1653, 1653, 1654, 1654, 1653, 1654, 1654, 1655, 1655, 1655, 1653, 1652, 1651, 1649, 1643, 1639, 1634, 1629, 1623, 1619, 1614, 1609, 1603, 1599, 1594, 1589, 1584, 1581, 1579, 1577, 1576, 1573, 1571, 1569, 1568, 1566, 1565, 1563, 1562, 1562, 1560, 1559, 1557, 1557, 1555, 1554, 1553, 1552, 1551, 1549, 1548, 1547, 1546, 1545, 1543, 1542, 1542, 1541, 1541, 1540, 1541, 1540, 1540, 1539, 1540, 1539, 1539, 1539, 1539, 1539, 1538, 1538, 1537, 1538, 1537, 1537, 1536, 1537, 1536, 1536, 1535, 1580, 1579, 1579, 1578, 1579, 1578, 1578, 1577, 1577, 1577, 1577, 1576, 1576, 1569, 1568, 1566, 1564, 1562, 1561, 1549, 1528, 1521, 1516, 1510, 1504, 1499, 1499, 1498, 1497, 1495, 1493, 1491, 1489, 1487, 1484, 1482, 1480, 1478, 1476, 1474, 1472, 1470, 1468, 1466, 1464, 1462, 1460, 1458, 1456, 1453, 1451, 1450, 1448, 1447, 1445, 1444, 1442, 1440, 1439, 1437, 1436, 1434, 1433, 1431, 1430, 1428, 1427, 1427, 1427, 1427, 1428, 1428, 1429, 1429, 1429, 1429, 1429, 1430, 1430, 1431, 1431, 1432, 1431, 1432, 1432, 1433, 1433, 1434, 1434, 1434, 1434, 1434, 1435, 1435, 1436, 1436, 1436, 1436, 1437, 1431, 1426, 1423, 1423, 1421, 1421, 1420, 1420, 1419, 1419, 1418, 1417, 1416, 1415, 1415, 1414, 1414, 1413, 1412, 1411, 1411, 1410, 1412, 1412, 1412, 1414, 1414, 1416, 1416, 1417, 1418, 1418, 1416, 1415, 1413, 1411, 1409, 1407, 1406, 1404, 1403, 1400, 1399, 1397, 1395, 1394, 1394, 1393, 1393, 1394, 1393, 1393, 1392, 1392, 1391, 1392, 1392, 1391, 1391, 1391, 1391, 1392, 1392, 1392, 1392, 1392, 1392, 1393, 1393, 1393, 1393, 1393, 1393, 1394, 1394, 1394, 1394, 1394, 1394, 1395, 1395, 1395, 1395, 1395, 1394, 1396, 1396, 1396, 1394, 1387, 1380, 1374, 1369, 1361, 1355, 1347, 1340, 1335, 1327, 1322, 1314, 1308, 1303, 1304, 1303, 1303, 1303, 1303, 1303, 1303, 1303, 1303, 1303, 1302, 1302, 1303, 1304, 1306, 1308, 1311, 1313, 1316, 1319, 1321, 1324, 1327, 1329, 1332, 1335, 1337, 1340, 1342, 1345, 1348, 1350, 1353, 1356, 1357, 1358, 1359, 1359, 1360, 1360, 1360, 1361, 1362, 1362, 1362, 1363, 1363, 1364, 1363, 1364, 1365, 1365, 1366, 1366, 1366, 1367, 1368, 1368, 1368, 1369, 1369, 1370, 1371, 1371, 1373, 1374, 1375, 1377, 1377, 1379, 1380, 1381, 1382, 1384, 1385, 1386, 1388, 1388, 1390, 1391, 1392, 1394, 1395, 1396, 1349, 1349, 1347, 1347, 1347, 1345, 1345, 1343, 1343, 1341, 1341, 1341, 1339, 1339, 1337, 1337, 1336, 1335, 1335, 1333, 1333, 1332, 1331, 1330, 1329, 1329, 1328, 1327, 1326, 1325, 1324, 1323, 1322, 1315, 1307, 1300, 1292, 1285, 1279, 1271, 1265, 1263, 1261, 1259, 1258, 1254, 1242, 1230, 1220, 1209, 1196, 1178, 1163, 1148, 1139, 1129, 1114, 1101, 1087, 1071, 1062, 1052, 1045, 1037, 1028, 1022, 1014, 1007, 1001, 996, 990, 982, 976, 970, 966, 957, 950, 946, 937, 928, 921, 906, 883, 874, 867, 861, 853, 847, 840, 833, 830, 823, 818, 814, 807, 804, 799, 794, 789, 784, 778, 774, 771, 764, 760, 756, 751, 747, 745, 743, 743, 739, 737, 735, 719, 718, 715, 713, 714, 712, 712, 711, 710, 711, 710, 710, 709, 708, 708, 708, 708, 706, 706, 706, 705, 705, 705, 704, 704, 703, 704, 704, 703, 703, 702, 702, 702, 702, 702, 701, 701, 701, 701, 701, 702, 702, 703, 704, 704, 705, 704, 705, 705, 706, 707, 707, 708, 708, 709, 709, 710, 709, 710, 711, 711, 712, 712, 713, 714, 715, 716, 717, 717, 717, 716, 714, 713, 711, 709, 708, 706, 705, 703, 702, 700, 699, 697, 696, 694, 693, 691, 690, 688, 686, 685, 683, 682, 680, 679, 677, 676, 674, 673, 671, 671, 669, 668, 666, 664, 663, 662, 661, 659, 658, 656, 656, 655, 655, 655, 655, 656, 656, 656, 656, 656, 656, 657, 657, 656, 656, 656, 657, 657, 657, 657, 657, 658, 658, 658, 658, 658, 658, 659, 659, 659, 659, 659, 660, 661, 662, 663, 664, 666, 667, 667, 668, 669, 670, 672, 673, 674, 675, 676, 677, 677, 677, 677, 677, 678, 678, 678, 678, 678, 678, 679, 679, 679, 679, 679, 680, 680, 680, 680, 680, 681, 681, 681, 681, 681, 681, 682, 682, 682, 682, 682, 683, 683, 682, 681, 680, 681, 680, 679, 678, 677, 676, 676, 676, 675, 674, 673, 673, 672, 671, 670, 670, 670, 669, 668, 667, 666, 665, 665, 665, 664, 663, 662, 662, 661, 663, 666, 668, 672, 674, 677, 679, 682, 685, 688, 691, 693, 696, 698, 702, 704, 707, 710, 712, 716, 718, 721, 723, 726, 728, 732, 735, 737, 740, 742, 746, 748, 751, 753, 756, 760, 762, 765, 767, 770, 772, 776, 778, 781, 783, 786, 789, 789, 789, 790, 790, 791, 792, 792, 792, 793, 791, 790, 789, 787, 785, 783, 782, 780, 778, 776, 774, 773, 771, 770, 768, 766, 764, 763, 761, 759, 757, 755, 754, 752, 750, 749, 747, 746, 744, 742, 740, 738, 736, 735, 733, 731, 729, 728, 727, 725, 723, 721, 720, 721, 722, 722, 723, 723, 724, 725, 726, 726, 727, 727, 729, 729, 730, 730, 731, 732, 733, 733, 734, 734, 735, 736, 737, 737, 738, 738, 740, 740, 741, 741, 742, 743, 744, 744, 745, 745, 746, 747, 748, 748, 749, 749, 751, 752, 752, 753, 753, 755, 755, 756, 756, 757, 757, 759, 759, 760, 760, 761, 762, 763, 763, 764, 764, 766, 766, 767, 767, 768, 768, 770, 770, 771, 771, 772, 773, 774, 774, 775, 775, 777, 777, 778, 778, 779, 779, 781, 781, 781, 781, 781, 781, 781, 781, 780, 780, 781, 780, 780, 779, 779, 779, 779, 779, 779, 778, 778, 779, 778, 778, 777, 777, 778, 777, 777, 777, 776, 776, 777, 776, 776, 776, 775, 761, 750, 750, 750, 750, 751, 750, 750, 750, 750, 750, 751, 750, 750, 750, 750, 751, 750, 750, 750, 750, 751, 750, 750, 750, 750, 750, 751, 750, 750, 750, 750, 751, 750, 750, 750, 750, 751, 750, 750, 750, 750, 750, 750, 750, 750, 750, 750, 751, 750, 750, 750, 750, 751, 750, 750, 750, 750, 750, 750, 750, 750, 750, 750, 751, 750, 750, 750, 750, 751, 750, 750, 750, 750, 750, 750, 750, 750, 750, 750, 750, 750, 750, 750, 750, 751, 750, 750, 750, 750, 750, 750, 750, 750, 750, 750, 750, 750, 750, 750, 750, 751, 750, 750, 750, 750, 750, 750, 750, 750, 750, 750, 750, 750, 750, 750, 750, 751, 750, 750, 750, 750, 750, 750, 750, 750, 750, 750, 750, 750, 751, 751, 751, 752, 753, 753, 753, 753, 754, 755, 755, 756, 756, 756, 757, 758, 758, 758, 758, 760, 760, 760, 761, 761, 761, 762, 763, 763, 763, 763, 765, 765, 765, 766, 766, 767, 767, 768, 768, 768, 768, 770, 770, 770, 771, 771, 772, 772, 773, 773, 773, 775, 775, 775, 775, 776, 776, 777, 777, 778, 778, 778, 780, 780, 780, 780, 781, 782, 782, 782, 783, 783, 783, 785, 785, 785, 785, 786, 787, 787, 787, 788, 788, 789, 790, 790, 790, 790, 791, 792, 792, 792, 793, 793, 794, 795, 795, 795, 795]
Centrul: 45.683750431807525 25.22874986764716 [{'lat': '45.69457', 'lon': '25.24348', 'name': 'Sinca Noua', 'admin1': 'Brasov', 'admin2': 'Comuna Sinca Noua', 'cc': 'RO'}]

['center.py', 'east=30.0', 'west=20.0', 'south=43.0', 'north=49.0', 'step=0.001', 'key=cc', 'value=RO']
m= 6004 n= 10004
lw:nw-sw 667.6152617221313 km, lw / 6004 = 0.11119508023353286 km
le:ne-se 667.6152617221313 km, le / 6004 = 0.11119508023353286 km
ln:nw-ne 729.2539063594899 km, ln / 10004 = 0.07289623214309175 km
ls:sw-se 813.1130132249593 km, ls / 10004 = 0.0812787898065733 km
Loading formatted geocoded file...
